error_train =

   0.00000
   0.00000
   0.00000
   0.00006
   0.00004
   0.00306
   0.02199
   0.07312
   0.17172
   0.17611
   0.17010
   0.11489

